02011000	100%	200	200003
02012010	100%	200	200003
02012020	100%	200	200003
02012090	100%	200	200003
02013000	100%	200	200003
02021000	100%	200	200003
02022010	100%	200	200003
02022020	100%	200	200003
02022090	100%	200	200003
02023000	100%	200	200003
02031100	100%	200	200003
02031200	100%	200	200003
02031900	100%	200	200003
02032100	100%	200	200003
02032200	100%	200	200003
02032900	100%	200	200003
02041000	100%	200	200003
02042100	100%	200	200003
02042200	100%	200	200003
02042300	100%	200	200003
02043000	100%	200	200003
02044100	100%	200	200003
02044200	100%	200	200003
02044300	100%	200	200003
02045000	100%	200	200003
02071100	100%	200	200003
02071210	100%	200	200003
02071220	100%	200	200003
02071300	100%	200	200003
02071411	100%	200	200003
02071412	100%	200	200003
02071413	100%	200	200003
02071419	100%	200	200003
02071421	100%	200	200003
02071422	100%	200	200003
02071423	100%	200	200003
02071424	100%	200	200003
02071429	100%	200	200003
02071431	100%	200	200003
02071432	100%	200	200003
02071433	100%	200	200003
02071434	100%	200	200003
02071439	100%	200	200003
02072400	100%	200	200003
02072500	100%	200	200003
02072600	100%	200	200003
02072700	100%	200	200003
02074100	100%	200	200003
02074200	100%	200	200003
02074400	100%	200	200003
02074500	100%	200	200003
02075100	100%	200	200003
02075200	100%	200	200003
02075400	100%	200	200003
02075500	100%	200	200003
02076000	100%	200	200003
02061000	100%	200	200003
02062100	100%	200	200003
02062200	100%	200	200003
02062910	100%	200	200003
02062990	100%	200	200003
02063000	100%	200	200003
02064100	100%	200	200003
02064900	100%	200	200003
02068000	100%	200	200003
02069000	100%	200	200003
02091011	100%	200	200003
02091019	100%	200	200003
02091021	100%	200	200003
02091029	100%	200	200003
02099000	100%	200	200003
02101100	100%	200	200003
02101200	100%	200	200003
02101900	100%	200	200003
02102000	100%	200	200003
02109911	100%	200	200003
02109919	100%	200	200003
02109920	100%	200	200003
02109990	100%	200	200003
03022100	100%	200	200003
03022200	100%	200	200003
03022300	100%	200	200003
03022400	100%	200	200003
03022900	100%	200	200003
03024100	100%	200	200003
03024210	100%	200	200003
03024290	100%	200	200003
03024300	100%	200	200003
03024400	100%	200	200003
03024500	100%	200	200003
03024600	100%	200	200003
03024700	100%	200	200003
03024910	100%	200	200003
03024990	100%	200	200003
03025400	100%	200	200003
03025500	100%	200	200003
03025600	100%	200	200003
03025900	100%	200	200003
03027100	100%	200	200003
03027210	100%	200	200003
03027290	100%	200	200003
03027300	100%	200	200003
03027400	100%	200	200003
03027900	100%	200	200003
03028100	100%	200	200003
03028200	100%	200	200003
03028310	100%	200	200003
03028320	100%	200	200003
03028400	100%	200	200003
03028500	100%	200	200003
03028910	100%	200	200003
03028921	100%	200	200003
03028922	100%	200	200003
03028923	100%	200	200003
03028924	100%	200	200003
03028931	100%	200	200003
03028932	100%	200	200003
03028933	100%	200	200003
03028934	100%	200	200003
03028935	100%	200	200003
03028936	100%	200	200003
03028937	100%	200	200003
03028938	100%	200	200003
03028941	100%	200	200003
03028942	100%	200	200003
03028943	100%	200	200003
03028944	100%	200	200003
03028945	100%	200	200003
03028990	100%	200	200003
03032300	100%	200	200003
03032410	100%	200	200003
03032490	100%	200	200003
03032500	100%	200	200003
03032600	100%	200	200003
03032900	100%	200	200003
03033100	100%	200	200003
03033200	100%	200	200003
03033300	100%	200	200003
03033400	100%	200	200003
03033900	100%	200	200003
03035100	100%	200	200003
03035300	100%	200	200003
03035400	100%	200	200003
03035500	100%	200	200003
03035600	100%	200	200003
03035700	100%	200	200003
03035910	100%	200	200003
03035920	100%	200	200003
03035990	100%	200	200003
03036600	100%	200	200003
03036700	100%	200	200003
03036800	100%	200	200003
03036910	100%	200	200003
03036990	100%	200	200003
03038111	100%	200	200003
03038112	100%	200	200003
03038113	100%	200	200003
03038114	100%	200	200003
03038119	100%	200	200003
03038190	100%	200	200003
03038200	100%	200	200003
03038311	100%	200	200003
03038319	100%	200	200003
03038321	100%	200	200003
03038329	100%	200	200003
03038400	100%	200	200003
03038910	100%	200	200003
03038920	100%	200	200003
03038932	100%	200	200003
03038933	100%	200	200003
03038941	100%	200	200003
03038942	100%	200	200003
03038943	100%	200	200003
03038944	100%	200	200003
03038945	100%	200	200003
03038946	100%	200	200003
03038951	100%	200	200003
03038952	100%	200	200003
03038953	100%	200	200003
03038954	100%	200	200003
03038955	100%	200	200003
03038956	100%	200	200003
03038961	100%	200	200003
03038962	100%	200	200003
03038963	100%	200	200003
03038964	100%	200	200003
03038965	100%	200	200003
03038990	100%	200	200003
03043100	100%	200	200003
03043210	100%	200	200003
03043290	100%	200	200003
03043300	100%	200	200003
03043900	100%	200	200003
03046100	100%	200	200003
03046210	100%	200	200003
03046290	100%	200	200003
03046300	100%	200	200003
03046900	100%	200	200003
04011010	100%	200	200003
04011090	100%	200	200003
04012010	100%	200	200003
04012090	100%	200	200003
04014010	100%	200	200003
04015010	100%	200	200003
04021010	100%	200	200003
04021090	100%	200	200003
04022110	100%	200	200003
04022120	100%	200	200003
04022910	100%	200	200003
04022920	100%	200	200003
04051000	100%	200	200003
04061010	100%	200	200003
04061090	100%	200	200003
04062000	100%	200	200003
04069010	100%	200	200003
04069020	100%	200	200003
04069030	100%	200	200003
07133319	100%	200	200003
07133329	100%	200	200003
07133399	100%	200	200003
07133590	100%	200	200003
09011110	100%	200	200003
09011190	100%	200	200003
09011200	100%	200	200003
09012100	100%	200	200003
09012200	100%	200	200003
09019000	100%	200	200003
09030010	100%	200	200003
09030090	100%	200	200003
10062010	100%	200	200003
10062020	100%	200	200003
10063011	100%	200	200003
10063019	100%	200	200003
10063021	100%	200	200003
10063029	100%	200	200003
10064000	100%	200	200003
11010010	100%	200	200003
11022000	100%	200	200003
11029000	100%	200	200003
11031300	100%	200	200003
11041200	100%	200	200003
11041900	100%	200	200003
11042200	100%	200	200003
11042300	100%	200	200003
11062000	100%	200	200003
15132120	100%	200	200003
15171000	100%	200	200003
17011400	100%	200	200003
17019900	100%	200	200003
19011010	100%	200	200003
19011090	100%	200	200003
19012010	100%	200	200003
19012090	100%	200	200003
19019090	100%	200	200003
19021100	100%	200	200003
19021900	100%	200	200003
19021900	100%	200	200003
19030000	100%	200	200003
19059090	100%	200	200003
21011110	100%	200	200003
21011190	100%	200	200003
21011200	100%	200	200003
21069090	100%	200	200003
21069090	100%	200	200003
25010020	100%	200	200003
25010090	100%	200	200003
90251111	100%	200	200004
90251119	100%	200	200004
90251191	100%	200	200004
90251199	100%	200	200004
90251910	100%	200	200004
90251990	100%	200	200004
90258000	100%	200	200004
90259010	100%	200	200004
90259090	100%	200	200004
90181100	100%	200	200004
90181210	100%	200	200004
90181290	100%	200	200004
90181300	100%	200	200004
90181980	100%	200	200004
90181980	100%	200	200004
90181980	100%	200	200004
90182010	100%	200	200004
90182020	100%	200	200004
90182090	100%	200	200004
90189010	100%	200	200004
90189099	100%	200	200004
90192040	100%	200	200004
90211010	100%	200	200004
90211020	100%	200	200004
90213110	100%	200	200004
90213120	100%	200	200004
90213190	100%	200	200004
90213911	100%	200	200004
90213919	100%	200	200004
90213920	100%	200	200004
90213930	100%	200	200004
90213940	100%	200	200004
90213980	100%	200	200004
90213991	100%	200	200004
90213999	100%	200	200004
90221200	100%	200	200004
90221311	100%	200	200004
90221319	100%	200	200004
90221390	100%	200	200004
90221411	100%	200	200004
90221412	100%	200	200004
90221413	100%	200	200004
90221419	100%	200	200004
90221490	100%	200	200004
90221910	100%	200	200004
90221991	100%	200	200004
90221999	100%	200	200004
90222110	100%	200	200004
90222120	100%	200	200004
90222190	100%	200	200004
90251111	100%	200	200004
90251119	100%	200	200004
90251191	100%	200	200004
90251199	100%	200	200004
90251910	100%	200	200004
90251990	100%	200	200004
90258000	100%	200	200004
90259010	100%	200	200004
90259090	100%	200	200004
90181980	100%	200	200004
90181980	100%	200	200004
90181980	100%	200	200004
90182010	100%	200	200004
90182020	100%	200	200004
90182090	100%	200	200004
90189010	100%	200	200004
90189099	100%	200	200004
90192040	100%	200	200004
90211010	100%	200	200004
90211020	100%	200	200004
90213110	100%	200	200004
90213120	100%	200	200004
90213190	100%	200	200004
90213911	100%	200	200004
90213919	100%	200	200004
90213920	100%	200	200004
90213930	100%	200	200004
90213940	100%	200	200004
90213980	100%	200	200004
90221200	100%	200	200004
90221311	100%	200	200004
90221319	100%	200	200004
90221390	100%	200	200004
90221411	100%	200	200004
90221412	100%	200	200004
90221413	100%	200	200004
90221419	100%	200	200004
90221490	100%	200	200004
90221910	100%	200	200004
90221999	100%	200	200004
90222190	100%	200	200004
83024100	100%	200	200007
87131000	100%	200	200007
87139000	100%	200	200007
87142000	100%	200	200007
90214000	100%	200	200007
90219019	100%	200	200007
90219092	100%	200	200007
25010090	100%	200	200009
28444200	100%	200	200009
29362931	100%	200	200009
30021211	100%	200	200009
30021211	100%	200	200009
30021211	100%	200	200009
30021211	100%	200	200009
30021211	100%	200	200009
30021211	100%	200	200009
30021211	100%	200	200009
30021211	100%	200	200009
30021211	100%	200	200009
30021212	100%	200	200009
30021215	100%	200	200009
30021219	100%	200	200009
30021219	100%	200	200009
30021239	100%	200	200009
30021239	100%	200	200009
30021239	100%	200	200009
30021239	100%	200	200009
30021239	100%	200	200009
30021239	100%	200	200009
30021239	100%	200	200009
30021239	100%	200	200009
30021239	100%	200	200009
30021239	100%	200	200009
30021239	100%	200	200009
30021239	100%	200	200009
30021510	100%	200	200009
30021510	100%	200	200009
30021520	100%	200	200009
30021520	100%	200	200009
30021520	100%	200	200009
30021580	100%	200	200009
30021590	100%	200	200009
30021590	100%	200	200009
30021590	100%	200	200009
30021590	100%	200	200009
30021590	100%	200	200009
30021590	100%	200	200009
30021590	100%	200	200009
30021590	100%	200	200009
30021590	100%	200	200009
30021590	100%	200	200009
30021590	100%	200	200009
30021590	100%	200	200009
30021590	100%	200	200009
30021590	100%	200	200009
30021590	100%	200	200009
30021590	100%	200	200009
30021590	100%	200	200009
30021590	100%	200	200009
30021590	100%	200	200009
30021590	100%	200	200009
30021590	100%	200	200009
30021590	100%	200	200009
30021590	100%	200	200009
30021590	100%	200	200009
30021590	100%	200	200009
30021590	100%	200	200009
30021590	100%	200	200009
30021590	100%	200	200009
30021590	100%	200	200009
30021590	100%	200	200009
30021590	100%	200	200009
30021590	100%	200	200009
30021590	100%	200	200009
30021590	100%	200	200009
30022032	100%	200	200009
30024121	100%	200	200009
30024122	100%	200	200009
30024122	100%	200	200009
30024123	100%	200	200009
30024125	100%	200	200009
30024125	100%	200	200009
30024127	100%	200	200009
30024127	100%	200	200009
30024127	100%	200	200009
30024129	100%	200	200009
30024129	100%	200	200009
30024129	100%	200	200009
30024129	100%	200	200009
30024129	100%	200	200009
30024129	100%	200	200009
30024129	100%	200	200009
30024129	100%	200	200009
30024129	100%	200	200009
30024129	100%	200	200009
30024129	100%	200	200009
30024129	100%	200	200009
30024129	100%	200	200009
30024129	100%	200	200009
30024129	100%	200	200009
30024129	100%	200	200009
30024129	100%	200	200009
30024129	100%	200	200009
30029000	100%	200	200009
30042032	100%	200	200009
30042059	100%	200	200009
30042059	100%	200	200009
30042059	100%	200	200009
30042063	100%	200	200009
30042069	100%	200	200009
30042069	100%	200	200009
30042069	100%	200	200009
30042071	100%	200	200009
30042091	100%	200	200009
30042093	100%	200	200009
30042094	100%	200	200009
30042095	100%	200	200009
30042099	100%	200	200009
30042099	100%	200	200009
30042099	100%	200	200009
30042099	100%	200	200009
30043039	100%	200	200009
30043100	100%	200	200009
30043100	100%	200	200009
30043210	100%	200	200009
30043210	100%	200	200009
30043210	100%	200	200009
30043220	100%	200	200009
30043290	100%	200	200009
30043290	100%	200	200009
30043918	100%	200	200009
30043918	100%	200	200009
30043918	100%	200	200009
30043919	100%	200	200009
30043926	100%	200	200009
30043927	100%	200	200009
30043927	100%	200	200009
30043929	100%	200	200009
30043929	100%	200	200009
30043929	100%	200	200009
30043929	100%	200	200009
30043929	100%	200	200009
30043929	100%	200	200009
30043929	100%	200	200009
30043936	100%	200	200009
30043936	100%	200	200009
30043939	100%	200	200009
30043939	100%	200	200009
30043994	100%	200	200009
30043999	100%	200	200009
30044910	100%	200	200009
30044910	100%	200	200009
30044910	100%	200	200009
30044910	100%	200	200009
30044950	100%	200	200009
30044990	100%	200	200009
30044990	100%	200	200009
30044990	100%	200	200009
30044990	100%	200	200009
30044990	100%	200	200009
30044990	100%	200	200009
30044990	100%	200	200009
30044990	100%	200	200009
30044990	100%	200	200009
30044990	100%	200	200009
30044990	100%	200	200009
30044990	100%	200	200009
30045010	100%	200	200009
30045090	100%	200	200009
30045090	100%	200	200009
30045090	100%	200	200009
30046000	100%	200	200009
30046000	100%	200	200009
30046000	100%	200	200009
30046000	100%	200	200009
30049012	100%	200	200009
30049014	100%	200	200009
30049019	100%	200	200009
30049019	100%	200	200009
30049019	100%	200	200009
30049019	100%	200	200009
30049019	100%	200	200009
30049019	100%	200	200009
30049019	100%	200	200009
30049019	100%	200	200009
30049019	100%	200	200009
30049029	100%	200	200009
30049029	100%	200	200009
30049029	100%	200	200009
30049034	100%	200	200009
30049034	100%	200	200009
30049035	100%	200	200009
30049038	100%	200	200009
30049039	100%	200	200009
30049039	100%	200	200009
30049039	100%	200	200009
30049039	100%	200	200009
30049039	100%	200	200009
30049039	100%	200	200009
30049039	100%	200	200009
30049039	100%	200	200009
30049039	100%	200	200009
30049041	100%	200	200009
30049042	100%	200	200009
30049043	100%	200	200009
30049047	100%	200	200009
30049048	100%	200	200009
30049048	100%	200	200009
30049049	100%	200	200009
30049049	100%	200	200009
30049049	100%	200	200009
30049049	100%	200	200009
30049058	100%	200	200009
30049058	100%	200	200009
30049059	100%	200	200009
30049059	100%	200	200009
30049059	100%	200	200009
30049059	100%	200	200009
30049059	100%	200	200009
30049059	100%	200	200009
30049059	100%	200	200009
30049059	100%	200	200009
30049059	100%	200	200009
30049059	100%	200	200009
30049059	100%	200	200009
30049059	100%	200	200009
30049059	100%	200	200009
30049059	100%	200	200009
30049059	100%	200	200009
30049063	100%	200	200009
30049063	100%	200	200009
30049064	100%	200	200009
30049066	100%	200	200009
30049068	100%	200	200009
30049068	100%	200	200009
30049068	100%	200	200009
30049068	100%	200	200009
30049068	100%	200	200009
30049068	100%	200	200009
30049068	100%	200	200009
30049068	100%	200	200009
30049068	100%	200	200009
30049068	100%	200	200009
30049068	100%	200	200009
30049068	100%	200	200009
30049068	100%	200	200009
30049068	100%	200	200009
30049068	100%	200	200009
30049068	100%	200	200009
30049068	100%	200	200009
30049068	100%	200	200009
30049069	100%	200	200009
30049069	100%	200	200009
30049069	100%	200	200009
30049069	100%	200	200009
30049069	100%	200	200009
30049069	100%	200	200009
30049069	100%	200	200009
30049069	100%	200	200009
30049069	100%	200	200009
30049069	100%	200	200009
30049069	100%	200	200009
30049069	100%	200	200009
30049069	100%	200	200009
30049069	100%	200	200009
30049069	100%	200	200009
30049069	100%	200	200009
30049069	100%	200	200009
30049069	100%	200	200009
30049069	100%	200	200009
30049069	100%	200	200009
30049069	100%	200	200009
30049069	100%	200	200009
30049069	100%	200	200009
30049069	100%	200	200009
30049069	100%	200	200009
30049069	100%	200	200009
30049069	100%	200	200009
30049069	100%	200	200009
30049069	100%	200	200009
30049069	100%	200	200009
30049069	100%	200	200009
30049069	100%	200	200009
30049069	100%	200	200009
30049069	100%	200	200009
30049069	100%	200	200009
30049069	100%	200	200009
30049069	100%	200	200009
30049069	100%	200	200009
30049069	100%	200	200009
30049069	100%	200	200009
30049069	100%	200	200009
30049069	100%	200	200009
30049069	100%	200	200009
30049069	100%	200	200009
30049069	100%	200	200009
30049069	100%	200	200009
30049069	100%	200	200009
30049069	100%	200	200009
30049069	100%	200	200009
30049069	100%	200	200009
30049069	100%	200	200009
30049069	100%	200	200009
30049069	100%	200	200009
30049069	100%	200	200009
30049069	100%	200	200009
30049069	100%	200	200009
30049069	100%	200	200009
30049069	100%	200	200009
30049069	100%	200	200009
30049069	100%	200	200009
30049069	100%	200	200009
30049069	100%	200	200009
30049069	100%	200	200009
30049069	100%	200	200009
30049069	100%	200	200009
30049069	100%	200	200009
30049069	100%	200	200009
30049072	100%	200	200009
30049072	100%	200	200009
30049076	100%	200	200009
30049078	100%	200	200009
30049078	100%	200	200009
30049078	100%	200	200009
30049078	100%	200	200009
30049078	100%	200	200009
30049078	100%	200	200009
30049078	100%	200	200009
30049078	100%	200	200009
30049078	100%	200	200009
30049078	100%	200	200009
30049078	100%	200	200009
30049078	100%	200	200009
30049078	100%	200	200009
30049078	100%	200	200009
30049078	100%	200	200009
30049079	100%	200	200009
30049079	100%	200	200009
30049079	100%	200	200009
30049079	100%	200	200009
30049079	100%	200	200009
30049079	100%	200	200009
30049079	100%	200	200009
30049079	100%	200	200009
30049079	100%	200	200009
30049079	100%	200	200009
30049079	100%	200	200009
30049079	100%	200	200009
30049079	100%	200	200009
30049079	100%	200	200009
30049079	100%	200	200009
30049079	100%	200	200009
30049079	100%	200	200009
30049079	100%	200	200009
30049079	100%	200	200009
30049079	100%	200	200009
30049079	100%	200	200009
30049079	100%	200	200009
30049079	100%	200	200009
30049079	100%	200	200009
30049079	100%	200	200009
30049079	100%	200	200009
30049079	100%	200	200009
30049079	100%	200	200009
30049079	100%	200	200009
30049079	100%	200	200009
30049079	100%	200	200009
30049079	100%	200	200009
30049079	100%	200	200009
30049079	100%	200	200009
30049079	100%	200	200009
30049079	100%	200	200009
30049079	100%	200	200009
30049095	100%	200	200009
30049095	100%	200	200009
30049095	100%	200	200009
30049095	100%	200	200009
30049099	100%	200	200009
30049099	100%	200	200009
30049099	100%	200	200009
30049099	100%	200	200009
30049099	100%	200	200009
30049099	100%	200	200009
30049099	100%	200	200009
30049099	100%	200	200009
30049099	100%	200	200009
30049099	100%	200	200009
30049099	100%	200	200009
30063013	100%	200	200009
04072100	100%	200	200014
04072900	100%	200	200014
06011000	100%	200	200014
06012000	100%	200	200014
06021000	100%	200	200014
06022000	100%	200	200014
06023000	100%	200	200014
06024000	100%	200	200014
06029010	100%	200	200014
06029021	100%	200	200014
06029029	100%	200	200014
06029081	100%	200	200014
06029082	100%	200	200014
06029083	100%	200	200014
06029089	100%	200	200014
06029090	100%	200	200014
06031100	100%	200	200014
06031200	100%	200	200014
06031300	100%	200	200014
06031400	100%	200	200014
06031500	100%	200	200014
06031900	100%	200	200014
06039000	100%	200	200014
06042000	100%	200	200014
06049000	100%	200	200014
07011000	100%	200	200014
07019000	100%	200	200014
07031011	100%	200	200014
07031019	100%	200	200014
07031021	100%	200	200014
07031029	100%	200	200014
07032010	100%	200	200014
07032090	100%	200	200014
07039010	100%	200	200014
07039090	100%	200	200014
07041000	100%	200	200014
07042000	100%	200	200014
07049000	100%	200	200014
07051100	100%	200	200014
07051900	100%	200	200014
07052100	100%	200	200014
07052900	100%	200	200014
07061000	100%	200	200014
07069000	100%	200	200014
07081000	100%	200	200014
07082000	100%	200	200014
07089000	100%	200	200014
07092000	100%	200	200014
07093000	100%	200	200014
07094000	100%	200	200014
07095100	100%	200	200014
07095200	100%	200	200014
07095300	100%	200	200014
07095400	100%	200	200014
07095500	100%	200	200014
07095600	100%	200	200014
07095900	100%	200	200014
07096000	100%	200	200014
07097000	100%	200	200014
07099100	100%	200	200014
07099200	100%	200	200014
07099300	100%	200	200014
07099911	100%	200	200014
07099919	100%	200	200014
07099990	100%	200	200014
07101000	100%	200	200014
07102100	100%	200	200014
07102200	100%	200	200014
07102900	100%	200	200014
07103000	100%	200	200014
07104000	100%	200	200014
07109000	100%	200	200014
07141000	100%	200	200014
07142000	100%	200	200014
07143000	100%	200	200014
07144000	100%	200	200014
07145000	100%	200	200014
07149000	100%	200	200014
07020000	100%	200	200014
07070000	100%	200	200014
07095100	100%	200	200014
07095200	100%	200	200014
07095300	100%	200	200014
07095400	100%	200	200014
07095500	100%	200	200014
07095600	100%	200	200014
07095900	100%	200	200014
08031000	100%	200	200014
08039000	100%	200	200014
08041010	100%	200	200014
08041020	100%	200	200014
08042010	100%	200	200014
08042020	100%	200	200014
08043000	100%	200	200014
08044000	100%	200	200014
08045010	100%	200	200014
08045020	100%	200	200014
08045030	100%	200	200014
08051000	100%	200	200014
08052100	100%	200	200014
08052200	100%	200	200014
08052900	100%	200	200014
08054000	100%	200	200014
08055000	100%	200	200014
08059000	100%	200	200014
08061000	100%	200	200014
08062000	100%	200	200014
08071100	100%	200	200014
08071900	100%	200	200014
08072000	100%	200	200014
08081000	100%	200	200014
08083000	100%	200	200014
08084000	100%	200	200014
08091000	100%	200	200014
08092100	100%	200	200014
08092900	100%	200	200014
08093010	100%	200	200014
08093020	100%	200	200014
08094000	100%	200	200014
08101000	100%	200	200014
08102000	100%	200	200014
08103000	100%	200	200014
08104000	100%	200	200014
08105000	100%	200	200014
08106000	100%	200	200014
08107000	100%	200	200014
08109011	100%	200	200014
08109012	100%	200	200014
08109013	100%	200	200014
08109014	100%	200	200014
08109015	100%	200	200014
08109016	100%	200	200014
08109017	100%	200	200014
08109090	100%	200	200014
08111000	100%	200	200014
08112000	100%	200	200014
08119000	100%	200	200014
08011100	100%	200	200014
08011200	100%	200	200014
08011900	100%	200	200014
28444390	60%	200	200030
30021221	60%	200	200030
30021221	60%	200	200030
30021222	60%	200	200030
30021223	60%	200	200030
30021229	60%	200	200030
30049099	60%	200	200030
30049099	60%	200	200030
30059090	60%	200	200030
37011010	60%	200	200030
37011029	60%	200	200030
37021010	60%	200	200030
37021020	60%	200	200030
38210000	60%	200	200030
38221100	60%	200	200030
38221200	60%	200	200030
38221300	60%	200	200030
38221910	60%	200	200030
38221920	60%	200	200030
38221930	60%	200	200030
38221940	60%	200	200030
38221990	60%	200	200030
38249989	60%	200	200030
39174010	60%	200	200030
39174090	60%	200	200030
39174010	60%	200	200030
39174090	60%	200	200030
39269030	60%	200	200030
39269030	60%	200	200030
39269040	60%	200	200030
39269040	60%	200	200030
39269050	60%	200	200030
40141000	60%	200	200030
40151200	60%	200	200030
40151900	60%	200	200030
84198110	60%	200	200030
84198999	60%	200	200030
84199040	60%	200	200030
84212911	60%	200	200030
84212990	60%	200	200030
84212990	60%	200	200030
84212990	60%	200	200030
84798912	60%	200	200030
84798999	60%	200	200030
90182010	60%	200	200030
90183111	60%	200	200030
90183119	60%	200	200030
90183190	60%	200	200030
90183211	60%	200	200030
90183212	60%	200	200030
90183213	60%	200	200030
90183219	60%	200	200030
90183220	60%	200	200030
90183910	60%	200	200030
90183921	60%	200	200030
90183922	60%	200	200030
90183923	60%	200	200030
90183925	60%	200	200030
90183926	60%	200	200030
90183929	60%	200	200030
90183929	60%	200	200030
90183929	60%	200	200030
90183929	60%	200	200030
90183929	60%	200	200030
90183929	60%	200	200030
90183929	60%	200	200030
90183930	60%	200	200030
90183991	60%	200	200030
90183999	60%	200	200030
90183991	60%	200	200030
90183999	60%	200	200030
90183999	60%	200	200030
90184911	60%	200	200030
90184912	60%	200	200030
90184919	60%	200	200030
90184920	60%	200	200030
90185090	60%	200	200030
90189010	60%	200	200030
90189021	60%	200	200030
90189040	60%	200	200030
90189040	60%	200	200030
90189095	60%	200	200030
90189099	60%	200	200030
90189099	60%	200	200030
90189099	60%	200	200030
90189099	60%	200	200030
90189099	60%	200	200030
90189099	60%	200	200030
90189099	60%	200	200030
90189099	60%	200	200030
90189099	60%	200	200030
90211010	60%	200	200030
90211020	60%	200	200030
90212900	60%	200	200030
90215000	60%	200	200030
90215000	60%	200	200030
90219011	60%	200	200030
90219012	60%	200	200030
90219012	60%	200	200030
90219019	60%	200	200030
90219019	60%	200	200030
90219019	60%	200	200030
90219019	60%	200	200030
90219019	60%	200	200030
90219019	60%	200	200030
90219080	60%	200	200030
90219089	60%	200	200030
90219091	60%	200	200030
90219091	60%	200	200030
90219091	60%	200	200030
90219091	60%	200	200030
90219091	60%	200	200030
90219099	60%	200	200030
90219099	60%	200	200030
90219099	60%	200	200030
90272012	60%	200	200030
90272021	60%	200	200030
90272029	60%	200	200030
90273011	60%	200	200030
90273019	60%	200	200030
90273020	60%	200	200030
90275020	60%	200	200030
90275050	60%	200	200030
90275090	60%	200	200030
90278100	60%	200	200030
90278999	60%	200	200030
90278999	60%	200	200030
90279010	60%	200	200030
90279091	60%	200	200030
90279093	60%	200	200030
90279099	60%	200	200030
94029010	60%	200	200030
94029020	60%	200	200030
94029090	60%	200	200030
66020000	60%	200	200031
84253110	60%	200	200031
84289090	60%	200	200031
84433222	60%	200	200031
84701000	60%	200	200031
84702900	60%	200	200031
84716053	60%	200	200031
84716090	60%	200	200031
84718000	60%	200	200031
84729099	60%	200	200031
85171100	60%	200	200031
85171300	60%	200	200031
85171410	60%	200	200031
85171431	60%	200	200031
85171432	60%	200	200031
85171439	60%	200	200031
85171441	60%	200	200031
85171449	60%	200	200031
85171490	60%	200	200031
85171830	60%	200	200031
85171890	60%	200	200031
85437099	60%	200	200031
87082999	60%	200	200031
87082999	60%	200	200031
87082999	60%	200	200031
87082999	60%	200	200031
87082999	60%	200	200031
87089910	60%	200	200031
87089910	60%	200	200031
87089910	60%	200	200031
87089910	60%	200	200031
87089910	60%	200	200031
87089910	60%	200	200031
90172000	60%	200	200031
90251990	60%	200	200031
91021110	60%	200	200031
91021190	60%	200	200031
91029100	60%	200	200031
91031000	60%	200	200031
91051100	60%	200	200031
66020000	60%	200	200031
84253110	60%	200	200031
84289090	60%	200	200031
84433222	60%	200	200031
84701000	60%	200	200031
84702900	60%	200	200031
84716053	60%	200	200031
84716090	60%	200	200031
84718000	60%	200	200031
84729099	60%	200	200031
85171100	60%	200	200031
85171300	60%	200	200031
85171410	60%	200	200031
85171431	60%	200	200031
85171432	60%	200	200031
85171439	60%	200	200031
85171441	60%	200	200031
85171449	60%	200	200031
85171490	60%	200	200031
85171830	60%	200	200031
85171890	60%	200	200031
85437099	60%	200	200031
87082999	60%	200	200031
87082999	60%	200	200031
87082999	60%	200	200031
87082999	60%	200	200031
87082999	60%	200	200031
87089910	60%	200	200031
87089910	60%	200	200031
87089910	60%	200	200031
87089910	60%	200	200031
87089910	60%	200	200031
87089910	60%	200	200031
90172000	60%	200	200031
90251990	60%	200	200031
91021110	60%	200	200031
91021190	60%	200	200031
91029100	60%	200	200031
91031000	60%	200	200031
91051100	60%	200	200031
15131900	60%	200	200033
15132911	60%	200	200033
17023011	60%	200	200033
17025000	60%	200	200033
20021000	60%	200	200033
21069090	60%	200	200033
21069090	60%	200	200033
21069090	60%	200	200033
21069090	60%	200	200033
21069090	60%	200	200033
21069090	60%	200	200033
21069090	60%	200	200033
21069090	60%	200	200033
22029900	60%	200	200033
22029900	60%	200	200033
25010090	60%	200	200033
28111990	60%	200	200033
28272010	60%	200	200033
28272090	60%	200	200033
28273110	60%	200	200033
28273190	60%	200	200033
28273993	60%	200	200033
28273995	60%	200	200033
28273998	60%	200	200033
28276012	60%	200	200033
28332100	60%	200	200033
28332970	60%	200	200033
28352200	60%	200	200033
28352400	60%	200	200033
28352400	60%	200	200033
28363000	60%	200	200033
28429000	60%	200	200033
29054400	60%	200	200033
29152100	60%	200	200033
29152910	60%	200	200033
29152990	60%	200	200033
29152990	60%	200	200033
29181400	60%	200	200033
29181610	60%	200	200033
29181990	60%	200	200033
29199090	60%	200	200033
29224110	60%	200	200033
29224190	60%	200	200033
29224210	60%	200	200033
29224910	60%	200	200033
29224990	60%	200	200033
29224990	60%	200	200033
29224990	60%	200	200033
29224990	60%	200	200033
29224990	60%	200	200033
29224990	60%	200	200033
29224990	60%	200	200033
29224990	60%	200	200033
29224990	60%	200	200033
29224990	60%	200	200033
29225039	60%	200	200033
29225039	60%	200	200033
29225099	60%	200	200033
29225099	60%	200	200033
29232000	60%	200	200033
29252919	60%	200	200033
29304010	60%	200	200033
29304090	60%	200	200033
29309039	60%	200	200033
29332992	60%	200	200033
29362113	60%	200	200033
29362210	60%	200	200033
29362290	60%	200	200033
29362290	60%	200	200033
29362310	60%	200	200033
29362320	60%	200	200033
29362520	60%	200	200033
29362610	60%	200	200033
29362710	60%	200	200033
29362811	60%	200	200033
29362812	60%	200	200033
29362911	60%	200	200033
29362921	60%	200	200033
29362929	60%	200	200033
29362931	60%	200	200033
29362940	60%	200	200033
29362952	60%	200	200033
30021236	60%	200	200033
31042010	60%	200	200033
31042090	60%	200	200033
35051000	60%	200	200033
03061110	60%	200	200034
03061190	60%	200	200034
03061200	60%	200	200034
03061400	60%	200	200034
03061500	60%	200	200034
03061610	60%	200	200034
03061690	60%	200	200034
03061710	60%	200	200034
03061790	60%	200	200034
03061910	60%	200	200034
03061990	60%	200	200034
03061110	60%	200	200034
03061190	60%	200	200034
03061500	60%	200	200034
03063100	60%	200	200034
03063200	60%	200	200034
03063300	60%	200	200034
03063400	60%	200	200034
03063500	60%	200	200034
03063600	60%	200	200034
03063910	60%	200	200034
03063990	60%	200	200034
03063100	60%	200	200034
03063400	60%	200	200034
03063910	60%	200	200034
03073100	60%	200	200034
03073200	60%	200	200034
03074200	60%	200	200034
03074310	60%	200	200034
03074320	60%	200	200034
03075100	60%	200	200034
03075200	60%	200	200034
03079100	60%	200	200034
03079200	60%	200	200034
04032000	60%	200	200034
04039000	60%	200	200034
04090000	60%	200	200034
07011000	60%	200	200034
07019000	60%	200	200034
07020000	60%	200	200034
07031011	60%	200	200034
07031019	60%	200	200034
07031021	60%	200	200034
07031029	60%	200	200034
07032010	60%	200	200034
07032090	60%	200	200034
07039010	60%	200	200034
07039090	60%	200	200034
07041000	60%	200	200034
07042000	60%	200	200034
07049000	60%	200	200034
07051100	60%	200	200034
07051900	60%	200	200034
07052100	60%	200	200034
07052900	60%	200	200034
07061000	60%	200	200034
07069000	60%	200	200034
07070000	60%	200	200034
07081000	60%	200	200034
07082000	60%	200	200034
07089000	60%	200	200034
07092000	60%	200	200034
07093000	60%	200	200034
07094000	60%	200	200034
07095100	60%	200	200034
07095200	60%	200	200034
07095300	60%	200	200034
07095400	60%	200	200034
07095500	60%	200	200034
07095600	60%	200	200034
07095900	60%	200	200034
07096000	60%	200	200034
07097000	60%	200	200034
07099100	60%	200	200034
07099200	60%	200	200034
07099300	60%	200	200034
07099911	60%	200	200034
07099919	60%	200	200034
07099990	60%	200	200034
07101000	60%	200	200034
07102100	60%	200	200034
07102200	60%	200	200034
07102900	60%	200	200034
07103000	60%	200	200034
07104000	60%	200	200034
07108000	60%	200	200034
07109000	60%	200	200034
07112010	60%	200	200034
07112020	60%	200	200034
07112090	60%	200	200034
07114000	60%	200	200034
07115100	60%	200	200034
07115900	60%	200	200034
07119000	60%	200	200034
07122000	60%	200	200034
07123100	60%	200	200034
07123200	60%	200	200034
07123300	60%	200	200034
07123400	60%	200	200034
07123900	60%	200	200034
07129020	60%	200	200034
07129090	60%	200	200034
07131010	60%	200	200034
07131090	60%	200	200034
07132010	60%	200	200034
07132090	60%	200	200034
07133110	60%	200	200034
07133190	60%	200	200034
07133210	60%	200	200034
07133290	60%	200	200034
07133311	60%	200	200034
07133319	60%	200	200034
07133321	60%	200	200034
07133329	60%	200	200034
07133391	60%	200	200034
07133399	60%	200	200034
07133410	60%	200	200034
07133490	60%	200	200034
07133510	60%	200	200034
07133590	60%	200	200034
07133910	60%	200	200034
07133990	60%	200	200034
07134010	60%	200	200034
07134090	60%	200	200034
07135010	60%	200	200034
07135090	60%	200	200034
07136010	60%	200	200034
07136090	60%	200	200034
07139010	60%	200	200034
07139090	60%	200	200034
07141000	60%	200	200034
07142000	60%	200	200034
07143000	60%	200	200034
07144000	60%	200	200034
07145000	60%	200	200034
07149000	60%	200	200034
07112010	60%	200	200034
07112020	60%	200	200034
07112090	60%	200	200034
07114000	60%	200	200034
07115100	60%	200	200034
07115900	60%	200	200034
07119000	60%	200	200034
08011100	60%	200	200034
08011200	60%	200	200034
08011900	60%	200	200034
08012100	60%	200	200034
08012200	60%	200	200034
08013100	60%	200	200034
08013200	60%	200	200034
08021100	60%	200	200034
08021200	60%	200	200034
08022100	60%	200	200034
08022200	60%	200	200034
08023100	60%	200	200034
08023200	60%	200	200034
08024100	60%	200	200034
08024200	60%	200	200034
08025100	60%	200	200034
08025200	60%	200	200034
08026100	60%	200	200034
08026200	60%	200	200034
08027000	60%	200	200034
08028000	60%	200	200034
08029100	60%	200	200034
08029200	60%	200	200034
08029900	60%	200	200034
08031000	60%	200	200034
08039000	60%	200	200034
08041010	60%	200	200034
08041020	60%	200	200034
08042010	60%	200	200034
08042020	60%	200	200034
08043000	60%	200	200034
08044000	60%	200	200034
08045010	60%	200	200034
08045020	60%	200	200034
08045030	60%	200	200034
08051000	60%	200	200034
08052100	60%	200	200034
08052200	60%	200	200034
08052900	60%	200	200034
08054000	60%	200	200034
08055000	60%	200	200034
08059000	60%	200	200034
08061000	60%	200	200034
08062000	60%	200	200034
08071100	60%	200	200034
08071900	60%	200	200034
08072000	60%	200	200034
08081000	60%	200	200034
08083000	60%	200	200034
08084000	60%	200	200034
08091000	60%	200	200034
08092100	60%	200	200034
08092900	60%	200	200034
08093010	60%	200	200034
08093020	60%	200	200034
08094000	60%	200	200034
08101000	60%	200	200034
08102000	60%	200	200034
08103000	60%	200	200034
08104000	60%	200	200034
08105000	60%	200	200034
08106000	60%	200	200034
08107000	60%	200	200034
08109011	60%	200	200034
08109012	60%	200	200034
08109013	60%	200	200034
08109014	60%	200	200034
08109015	60%	200	200034
08109016	60%	200	200034
08109017	60%	200	200034
08109090	60%	200	200034
08111000	60%	200	200034
08112000	60%	200	200034
08119000	60%	200	200034
08121000	60%	200	200034
08129000	60%	200	200034
08131000	60%	200	200034
08132010	60%	200	200034
08132020	60%	200	200034
08133000	60%	200	200034
08134010	60%	200	200034
08134090	60%	200	200034
08135000	60%	200	200034
08140000	60%	200	200034
08121000	60%	200	200034
08129000	60%	200	200034
08140000	60%	200	200034
10011100	60%	200	200034
10011900	60%	200	200034
10019100	60%	200	200034
10019900	60%	200	200034
10021000	60%	200	200034
10029000	60%	200	200034
10031000	60%	200	200034
10039010	60%	200	200034
10039080	60%	200	200034
10039090	60%	200	200034
10041000	60%	200	200034
10049000	60%	200	200034
10051000	60%	200	200034
10059010	60%	200	200034
10059090	60%	200	200034
10061010	60%	200	200034
10061091	60%	200	200034
10061092	60%	200	200034
10062010	60%	200	200034
10062020	60%	200	200034
10063011	60%	200	200034
10063019	60%	200	200034
10063021	60%	200	200034
10063029	60%	200	200034
10064000	60%	200	200034
10071000	60%	200	200034
10079000	60%	200	200034
10081010	60%	200	200034
10081090	60%	200	200034
10082110	60%	200	200034
10082190	60%	200	200034
10082910	60%	200	200034
10082990	60%	200	200034
10083010	60%	200	200034
10083090	60%	200	200034
10084010	60%	200	200034
10084090	60%	200	200034
10085010	60%	200	200034
10085090	60%	200	200034
10086010	60%	200	200034
10086090	60%	200	200034
10089010	60%	200	200034
10089090	60%	200	200034
11022000	60%	200	200034
11029000	60%	200	200034
11051000	60%	200	200034
11052000	60%	200	200034
11061000	60%	200	200034
11062000	60%	200	200034
11063000	60%	200	200034
11010010	60%	200	200034
11010020	60%	200	200034
11031100	60%	200	200034
11031900	60%	200	200034
11041200	60%	200	200034
11041900	60%	200	200034
11042200	60%	200	200034
11042300	60%	200	200034
11042900	60%	200	200034
11081200	60%	200	200034
12011000	60%	200	200034
12019000	60%	200	200034
12023000	60%	200	200034
12024100	60%	200	200034
12024200	60%	200	200034
12030000	60%	200	200034
12040010	60%	200	200034
12040090	60%	200	200034
12051010	60%	200	200034
12051090	60%	200	200034
12059010	60%	200	200034
12059090	60%	200	200034
12060010	60%	200	200034
12060090	60%	200	200034
12071010	60%	200	200034
12071090	60%	200	200034
12072100	60%	200	200034
12072900	60%	200	200034
12073010	60%	200	200034
12073090	60%	200	200034
12074010	60%	200	200034
12074090	60%	200	200034
12075010	60%	200	200034
12075090	60%	200	200034
12076010	60%	200	200034
12076090	60%	200	200034
12077010	60%	200	200034
12077090	60%	200	200034
12079110	60%	200	200034
12079190	60%	200	200034
12079910	60%	200	200034
12079990	60%	200	200034
12081000	60%	200	200034
12089000	60%	200	200034
12091000	60%	200	200034
12092100	60%	200	200034
12092200	60%	200	200034
12092300	60%	200	200034
12092400	60%	200	200034
12092500	60%	200	200034
12092900	60%	200	200034
12093000	60%	200	200034
12099100	60%	200	200034
12099900	60%	200	200034
12101000	60%	200	200034
12102010	60%	200	200034
12102020	60%	200	200034
12112000	60%	200	200034
12113000	60%	200	200034
12114000	60%	200	200034
12115000	60%	200	200034
12116000	60%	200	200034
12119010	60%	200	200034
12119090	60%	200	200034
12122100	60%	200	200034
12122900	60%	200	200034
12129100	60%	200	200034
12129200	60%	200	200034
12129300	60%	200	200034
12129400	60%	200	200034
12129910	60%	200	200034
12129990	60%	200	200034
12130000	60%	200	200034
12141000	60%	200	200034
12149000	60%	200	200034
12081000	60%	200	200034
12089000	60%	200	200034
15081000	60%	200	200034
15089000	60%	200	200034
15111000	60%	200	200034
15119000	60%	200	200034
15121110	60%	200	200034
15121120	60%	200	200034
15121911	60%	200	200034
15121919	60%	200	200034
15121920	60%	200	200034
15122100	60%	200	200034
15122910	60%	200	200034
15122990	60%	200	200034
15131100	60%	200	200034
15131900	60%	200	200034
15132111	60%	200	200034
15132119	60%	200	200034
15132120	60%	200	200034
15132911	60%	200	200034
15132919	60%	200	200034
15132920	60%	200	200034
15141100	60%	200	200034
15141910	60%	200	200034
15141990	60%	200	200034
15149100	60%	200	200034
15149910	60%	200	200034
15149990	60%	200	200034
15151100	60%	200	200034
15151900	60%	200	200034
15152100	60%	200	200034
15152910	60%	200	200034
15152990	60%	200	200034
15153000	60%	200	200034
15155000	60%	200	200034
15156000	60%	200	200034
15159010	60%	200	200034
15159021	60%	200	200034
15159022	60%	200	200034
15159090	60%	200	200034
15079011	60%	200	200034
15079019	60%	200	200034
15079090	60%	200	200034
19022000	60%	200	200034
19023000	60%	200	200034
19059010	60%	200	200034
20041000	60%	200	200034
20049000	60%	200	200034
20051000	60%	200	200034
20052000	60%	200	200034
20054000	60%	200	200034
20055100	60%	200	200034
20055900	60%	200	200034
20056000	60%	200	200034
20057000	60%	200	200034
20058000	60%	200	200034
20059100	60%	200	200034
20059900	60%	200	200034
20081100	60%	200	200034
20081900	60%	200	200034
20082010	60%	200	200034
20082090	60%	200	200034
20083000	60%	200	200034
20084010	60%	200	200034
20084090	60%	200	200034
20085000	60%	200	200034
20086010	60%	200	200034
20086090	60%	200	200034
20087010	60%	200	200034
20087020	60%	200	200034
20087090	60%	200	200034
20088000	60%	200	200034
20089100	60%	200	200034
20089300	60%	200	200034
20089710	60%	200	200034
20089790	60%	200	200034
20089900	60%	200	200034
20091100	60%	200	200034
20091200	60%	200	200034
20091900	60%	200	200034
20092100	60%	200	200034
20092900	60%	200	200034
20093100	60%	200	200034
20093900	60%	200	200034
20094100	60%	200	200034
20094900	60%	200	200034
20095000	60%	200	200034
20096100	60%	200	200034
20096900	60%	200	200034
20097100	60%	200	200034
20097900	60%	200	200034
20098100	60%	200	200034
20098911	60%	200	200034
20098912	60%	200	200034
20098913	60%	200	200034
20098919	60%	200	200034
20098921	60%	200	200034
20098922	60%	200	200034
20098990	60%	200	200034
20099000	60%	200	200034
20021000	60%	200	200034
20029000	60%	200	200034
20081100	60%	200	200034
20081900	60%	200	200034
22029900	60%	200	200034
33061000	60%	200	200035
34011190	60%	200	200035
34011900	60%	200	200035
38089419	60%	200	200035
48181000	60%	200	200035
96032100	60%	200	200035
96190000	60%	200	200035
21069030	60%	200	200044
36020000	60%	200	200044
84714900	60%	200	200044
84715090	60%	200	200044
84719014	60%	200	200044
85176234	60%	200	200044
85176241	60%	200	200044
85176249	60%	200	200044
85176259	60%	200	200044
85176259	60%	200	200044
85176259	60%	200	200044
85176272	60%	200	200044
85176273	60%	200	200044
85176277	60%	200	200044
85176278	60%	200	200044
85176279	60%	200	200044
85235110	60%	200	200044
85235190	60%	200	200044
85235110	60%	200	200044
85235190	60%	200	200044
85235210	60%	200	200044
85235290	60%	200	200044
85258929	60%	200	200044
85261000	60%	200	200044
87011000	60%	200	200044
87012100	60%	200	200044
87012200	60%	200	200044
87012300	60%	200	200044
87012400	60%	200	200044
87012900	60%	200	200044
87013000	60%	200	200044
87019100	60%	200	200044
87019200	60%	200	200044
87019300	60%	200	200044
87019410	60%	200	200044
87019490	60%	200	200044
87019510	60%	200	200044
87019590	60%	200	200044
87091100	60%	200	200044
87091900	60%	200	200044
87099000	60%	200	200044
87091100	60%	200	200044
87091900	60%	200	200044
87099000	60%	200	200044
87100000	60%	200	200044
88021100	60%	200	200044
88021210	60%	200	200044
88021290	60%	200	200044
88022010	60%	200	200044
88022021	60%	200	200044
88022022	60%	200	200044
88022090	60%	200	200044
88023010	60%	200	200044
88023021	60%	200	200044
88023029	60%	200	200044
88023031	60%	200	200044
88023039	60%	200	200044
88023090	60%	200	200044
88024010	60%	200	200044
88024090	60%	200	200044
88026000	60%	200	200044
88051000	60%	200	200044
88052100	60%	200	200044
88052900	60%	200	200044
88061000	60%	200	200044
88062100	60%	200	200044
88062200	60%	200	200044
88062300	60%	200	200044
88062400	60%	200	200044
88062900	60%	200	200044
88069100	60%	200	200044
88069200	60%	200	200044
88069300	60%	200	200044
88069400	60%	200	200044
88069900	60%	200	200044
88026000	60%	200	200044
88040000	60%	200	200044
88051000	60%	200	200044
88052100	60%	200	200044
89012000	60%	200	200044
89061000	60%	200	200044
90142010	60%	200	200044
90142020	60%	200	200044
90142030	60%	200	200044
90142090	60%	200	200044
90318099	60%	200	200044
93062110	60%	200	200044
93062120	60%	200	200044
93062130	60%	200	200044
93062190	60%	200	200044
93062900	60%	200	200044
93063000	60%	200	200044
93069010	60%	200	200044
93069020	60%	200	200044
93069090	60%	200	200044
93062110	60%	200	200044
93062120	60%	200	200044
93062130	60%	200	200044
93062190	60%	200	200044
93062900	60%	200	200044
93063000	60%	200	200044
93069010	60%	200	200044
93069020	60%	200	200044
93069090	60%	200	200044
93062110	60%	200	200044
93062120	60%	200	200044
93062130	60%	200	200044
93062190	60%	200	200044
93062900	60%	200	200044
93063000	60%	200	200044
93069010	60%	200	200044
93069020	60%	200	200044
93069090	60%	200	200044
93012000	60%	200	200044
93062110	60%	200	200044
93062120	60%	200	200044
93062130	60%	200	200044
93062190	60%	200	200044
93062900	60%	200	200044
49119100	60%	200	
97019100	60%	200	
97029000	60%	200	
97039000	60%	200	
01022110	60%	200	200038
01022190	60%	200	200038
01022911	60%	200	200038
01022919	60%	200	200038
01022990	60%	200	200038
01023110	60%	200	200038
01023190	60%	200	200038
01023911	60%	200	200038
01023919	60%	200	200038
01023990	60%	200	200038
01029000	60%	200	200038
01031000	60%	200	200038
01039100	60%	200	200038
01039200	60%	200	200038
01041011	60%	200	200038
01041019	60%	200	200038
01041090	60%	200	200038
01042010	60%	200	200038
01042090	60%	200	200038
01051110	60%	200	200038
01051190	60%	200	200038
01051200	60%	200	200038
01051300	60%	200	200038
01051400	60%	200	200038
01051500	60%	200	200038
01069000	60%	200	200038
02101100	60%	200	200038
02101200	60%	200	200038
02101900	60%	200	200038
02102000	60%	200	200038
02109100	60%	200	200038
02109200	60%	200	200038
02109300	60%	200	200038
02109911	60%	200	200038
02109919	60%	200	200038
02109920	60%	200	200038
02109930	60%	200	200038
02109940	60%	200	200038
02109990	60%	200	200038
03091000	60%	200	200038
03099000	60%	200	200038
04071100	60%	200	200038
04071900	60%	200	200038
05061000	60%	200	200038
05069000	60%	200	200038
05111000	60%	200	200038
05119110	60%	200	200038
05119190	60%	200	200038
05119910	60%	200	200038
05119920	60%	200	200038
05119930	60%	200	200038
05119991	60%	200	200038
05119999	60%	200	200038
06011000	60%	200	200038
06012000	60%	200	200038
06021000	60%	200	200038
06022000	60%	200	200038
06023000	60%	200	200038
06024000	60%	200	200038
06029010	60%	200	200038
06029021	60%	200	200038
06029029	60%	200	200038
06029081	60%	200	200038
06029082	60%	200	200038
06029083	60%	200	200038
06029089	60%	200	200038
06029090	60%	200	200038
07011000	60%	200	200038
07019000	60%	200	200038
07020000	60%	200	200038
07031011	60%	200	200038
07031019	60%	200	200038
07031021	60%	200	200038
07031029	60%	200	200038
07032010	60%	200	200038
07032090	60%	200	200038
07039010	60%	200	200038
07039090	60%	200	200038
07041000	60%	200	200038
07042000	60%	200	200038
07049000	60%	200	200038
07051100	60%	200	200038
07051900	60%	200	200038
07052100	60%	200	200038
07052900	60%	200	200038
07061000	60%	200	200038
07069000	60%	200	200038
07070000	60%	200	200038
07081000	60%	200	200038
07082000	60%	200	200038
07089000	60%	200	200038
07092000	60%	200	200038
07093000	60%	200	200038
07094000	60%	200	200038
07095100	60%	200	200038
07095200	60%	200	200038
07095300	60%	200	200038
07095400	60%	200	200038
07095500	60%	200	200038
07095600	60%	200	200038
07095900	60%	200	200038
07096000	60%	200	200038
07097000	60%	200	200038
07099100	60%	200	200038
07099200	60%	200	200038
07099300	60%	200	200038
07099911	60%	200	200038
07099919	60%	200	200038
07099990	60%	200	200038
07101000	60%	200	200038
07102100	60%	200	200038
07102200	60%	200	200038
07102900	60%	200	200038
07103000	60%	200	200038
07104000	60%	200	200038
07108000	60%	200	200038
07109000	60%	200	200038
07112010	60%	200	200038
07112020	60%	200	200038
07112090	60%	200	200038
07114000	60%	200	200038
07115100	60%	200	200038
07115900	60%	200	200038
07119000	60%	200	200038
07122000	60%	200	200038
07123100	60%	200	200038
07123200	60%	200	200038
07123300	60%	200	200038
07123400	60%	200	200038
07123900	60%	200	200038
07129020	60%	200	200038
07129090	60%	200	200038
07131010	60%	200	200038
07131090	60%	200	200038
07132010	60%	200	200038
07132090	60%	200	200038
07133110	60%	200	200038
07133190	60%	200	200038
07133210	60%	200	200038
07133290	60%	200	200038
07133311	60%	200	200038
07133319	60%	200	200038
07133321	60%	200	200038
07133329	60%	200	200038
07133391	60%	200	200038
07133399	60%	200	200038
07133410	60%	200	200038
07133490	60%	200	200038
07133510	60%	200	200038
07133590	60%	200	200038
07133910	60%	200	200038
07133990	60%	200	200038
07134010	60%	200	200038
07134090	60%	200	200038
07135010	60%	200	200038
07135090	60%	200	200038
07136010	60%	200	200038
07136090	60%	200	200038
07139010	60%	200	200038
07139090	60%	200	200038
07141000	60%	200	200038
07142000	60%	200	200038
07143000	60%	200	200038
07144000	60%	200	200038
07145000	60%	200	200038
07149000	60%	200	200038
07129010	60%	200	200038
10011100	60%	200	200038
10011900	60%	200	200038
10019100	60%	200	200038
10019900	60%	200	200038
10021000	60%	200	200038
10029000	60%	200	200038
10031000	60%	200	200038
10039010	60%	200	200038
10039080	60%	200	200038
10039090	60%	200	200038
10041000	60%	200	200038
10049000	60%	200	200038
10051000	60%	200	200038
10059010	60%	200	200038
10059090	60%	200	200038
10061010	60%	200	200038
10061091	60%	200	200038
10061092	60%	200	200038
10062010	60%	200	200038
10062020	60%	200	200038
10063011	60%	200	200038
10063019	60%	200	200038
10063021	60%	200	200038
10063029	60%	200	200038
10064000	60%	200	200038
10071000	60%	200	200038
10079000	60%	200	200038
10081010	60%	200	200038
10081090	60%	200	200038
10082110	60%	200	200038
10082190	60%	200	200038
10082910	60%	200	200038
10082990	60%	200	200038
10083010	60%	200	200038
10083090	60%	200	200038
10084010	60%	200	200038
10084090	60%	200	200038
10085010	60%	200	200038
10085090	60%	200	200038
10086010	60%	200	200038
10086090	60%	200	200038
10089010	60%	200	200038
10089090	60%	200	200038
10011100	60%	200	200038
10011900	60%	200	200038
10019100	60%	200	200038
10019900	60%	200	200038
10021000	60%	200	200038
10029000	60%	200	200038
10031000	60%	200	200038
10039010	60%	200	200038
10039080	60%	200	200038
10039090	60%	200	200038
10041000	60%	200	200038
10049000	60%	200	200038
10051000	60%	200	200038
10059010	60%	200	200038
10059090	60%	200	200038
10061010	60%	200	200038
10061091	60%	200	200038
10061092	60%	200	200038
10062010	60%	200	200038
10062020	60%	200	200038
10063011	60%	200	200038
10063019	60%	200	200038
10063021	60%	200	200038
10063029	60%	200	200038
10064000	60%	200	200038
10071000	60%	200	200038
10079000	60%	200	200038
10081010	60%	200	200038
10081090	60%	200	200038
10082110	60%	200	200038
10082190	60%	200	200038
10082910	60%	200	200038
10082990	60%	200	200038
10083010	60%	200	200038
10083090	60%	200	200038
10084010	60%	200	200038
10084090	60%	200	200038
10085010	60%	200	200038
10085090	60%	200	200038
10086010	60%	200	200038
10086090	60%	200	200038
10089010	60%	200	200038
10089090	60%	200	200038
11010010	60%	200	200038
11010020	60%	200	200038
11022000	60%	200	200038
11029000	60%	200	200038
11031100	60%	200	200038
11031300	60%	200	200038
11031900	60%	200	200038
11032000	60%	200	200038
11041200	60%	200	200038
11041900	60%	200	200038
11042200	60%	200	200038
11042300	60%	200	200038
11042900	60%	200	200038
11043000	60%	200	200038
11051000	60%	200	200038
11052000	60%	200	200038
11061000	60%	200	200038
11062000	60%	200	200038
11063000	60%	200	200038
11071010	60%	200	200038
11071020	60%	200	200038
11072010	60%	200	200038
11072020	60%	200	200038
11081100	60%	200	200038
11081200	60%	200	200038
11081300	60%	200	200038
11081400	60%	200	200038
11081900	60%	200	200038
11082000	60%	200	200038
11090000	60%	200	200038
12011000	60%	200	200038
12019000	60%	200	200038
12023000	60%	200	200038
12024100	60%	200	200038
12024200	60%	200	200038
12030000	60%	200	200038
12040010	60%	200	200038
12040090	60%	200	200038
12051010	60%	200	200038
12051090	60%	200	200038
12059010	60%	200	200038
12059090	60%	200	200038
12060010	60%	200	200038
12060090	60%	200	200038
12071010	60%	200	200038
12071090	60%	200	200038
12072100	60%	200	200038
12072900	60%	200	200038
12073010	60%	200	200038
12073090	60%	200	200038
12074010	60%	200	200038
12074090	60%	200	200038
12075010	60%	200	200038
12075090	60%	200	200038
12076010	60%	200	200038
12076090	60%	200	200038
12077010	60%	200	200038
12077090	60%	200	200038
12079110	60%	200	200038
12079190	60%	200	200038
12079910	60%	200	200038
12079990	60%	200	200038
12081000	60%	200	200038
12089000	60%	200	200038
12091000	60%	200	200038
12092100	60%	200	200038
12092200	60%	200	200038
12092300	60%	200	200038
12092400	60%	200	200038
12092500	60%	200	200038
12092900	60%	200	200038
12093000	60%	200	200038
12099100	60%	200	200038
12099900	60%	200	200038
12101000	60%	200	200038
12102010	60%	200	200038
12102020	60%	200	200038
12112000	60%	200	200038
12113000	60%	200	200038
12114000	60%	200	200038
12115000	60%	200	200038
12116000	60%	200	200038
12119010	60%	200	200038
12119090	60%	200	200038
12122100	60%	200	200038
12122900	60%	200	200038
12129100	60%	200	200038
12129200	60%	200	200038
12129300	60%	200	200038
12129400	60%	200	200038
12129910	60%	200	200038
12129990	60%	200	200038
12130000	60%	200	200038
12141000	60%	200	200038
12149000	60%	200	200038
12011000	60%	200	200038
12019000	60%	200	200038
12023000	60%	200	200038
12024100	60%	200	200038
12024200	60%	200	200038
12030000	60%	200	200038
12040010	60%	200	200038
12040090	60%	200	200038
12051010	60%	200	200038
12051090	60%	200	200038
12059010	60%	200	200038
12059090	60%	200	200038
12060010	60%	200	200038
12060090	60%	200	200038
12071010	60%	200	200038
12071090	60%	200	200038
12072100	60%	200	200038
12072900	60%	200	200038
12073010	60%	200	200038
12073090	60%	200	200038
12074010	60%	200	200038
12074090	60%	200	200038
12075010	60%	200	200038
12075090	60%	200	200038
12076010	60%	200	200038
12076090	60%	200	200038
12077010	60%	200	200038
12077090	60%	200	200038
12079110	60%	200	200038
12079190	60%	200	200038
12079910	60%	200	200038
12079990	60%	200	200038
12081000	60%	200	200038
12089000	60%	200	200038
12091000	60%	200	200038
12092100	60%	200	200038
12092200	60%	200	200038
12092300	60%	200	200038
12092400	60%	200	200038
12092500	60%	200	200038
12092900	60%	200	200038
12093000	60%	200	200038
12099100	60%	200	200038
12099900	60%	200	200038
12101000	60%	200	200038
12102010	60%	200	200038
12102020	60%	200	200038
12112000	60%	200	200038
12113000	60%	200	200038
12114000	60%	200	200038
12115000	60%	200	200038
12116000	60%	200	200038
12119010	60%	200	200038
12119090	60%	200	200038
12122100	60%	200	200038
12122900	60%	200	200038
12129100	60%	200	200038
12129200	60%	200	200038
12129300	60%	200	200038
12129400	60%	200	200038
12129910	60%	200	200038
12129990	60%	200	200038
12130000	60%	200	200038
12141000	60%	200	200038
12149000	60%	200	200038
12112000	60%	200	200038
12113000	60%	200	200038
12114000	60%	200	200038
12115000	60%	200	200038
12116000	60%	200	200038
12119010	60%	200	200038
12119090	60%	200	200038
12011000	60%	200	200038
12130000	60%	200	200038
13019090	60%	200	200038
13021991	60%	200	200038
13021999	60%	200	200038
14019000	60%	200	200038
14049090	60%	200	200038
15011000	60%	200	200038
15012000	60%	200	200038
15019000	60%	200	200038
15021011	60%	200	200038
15021012	60%	200	200038
15021019	60%	200	200038
15021090	60%	200	200038
15029000	60%	200	200038
15030000	60%	200	200038
15041011	60%	200	200038
15041019	60%	200	200038
15041090	60%	200	200038
15042000	60%	200	200038
15043000	60%	200	200038
15050010	60%	200	200038
15050090	60%	200	200038
15060000	60%	200	200038
15071000	60%	200	200038
15079011	60%	200	200038
15079019	60%	200	200038
15079090	60%	200	200038
15081000	60%	200	200038
15089000	60%	200	200038
15092000	60%	200	200038
15093000	60%	200	200038
15094000	60%	200	200038
15099010	60%	200	200038
15099090	60%	200	200038
15101000	60%	200	200038
15109000	60%	200	200038
15111000	60%	200	200038
15119000	60%	200	200038
15121110	60%	200	200038
15121120	60%	200	200038
15121911	60%	200	200038
15121919	60%	200	200038
15121920	60%	200	200038
15122100	60%	200	200038
15122910	60%	200	200038
15122990	60%	200	200038
15131100	60%	200	200038
15131900	60%	200	200038
15132111	60%	200	200038
15132119	60%	200	200038
15132120	60%	200	200038
15132911	60%	200	200038
15132919	60%	200	200038
15132920	60%	200	200038
15141100	60%	200	200038
15141910	60%	200	200038
15141990	60%	200	200038
15149100	60%	200	200038
15149910	60%	200	200038
15149990	60%	200	200038
15151100	60%	200	200038
15151900	60%	200	200038
15152100	60%	200	200038
15152910	60%	200	200038
15152990	60%	200	200038
15153000	60%	200	200038
15155000	60%	200	200038
15156000	60%	200	200038
15159010	60%	200	200038
15159021	60%	200	200038
15159022	60%	200	200038
15159090	60%	200	200038
15161000	60%	200	200038
15162000	60%	200	200038
15163000	60%	200	200038
15171000	60%	200	200038
15179010	60%	200	200038
15179090	60%	200	200038
15180010	60%	200	200038
15180090	60%	200	200038
15200010	60%	200	200038
15200020	60%	200	200038
15211000	60%	200	200038
15219011	60%	200	200038
15219019	60%	200	200038
15219090	60%	200	200038
15220000	60%	200	200038
21022000	60%	200	200038
23011010	60%	200	200038
23011090	60%	200	200038
23012010	60%	200	200038
23012090	60%	200	200038
23021000	60%	200	200038
23023010	60%	200	200038
23023090	60%	200	200038
23024000	60%	200	200038
23025000	60%	200	200038
23021000	60%	200	200038
23023010	60%	200	200038
23023090	60%	200	200038
23024000	60%	200	200038
23025000	60%	200	200038
23031000	60%	200	200038
23032000	60%	200	200038
23033000	60%	200	200038
23031000	60%	200	200038
23032000	60%	200	200038
23033000	60%	200	200038
23061000	60%	200	200038
23062000	60%	200	200038
23063010	60%	200	200038
23063090	60%	200	200038
23064100	60%	200	200038
23064900	60%	200	200038
23065000	60%	200	200038
23066000	60%	200	200038
23069010	60%	200	200038
23069090	60%	200	200038
23061000	60%	200	200038
23062000	60%	200	200038
23063010	60%	200	200038
23063090	60%	200	200038
23064100	60%	200	200038
23064900	60%	200	200038
23065000	60%	200	200038
23066000	60%	200	200038
23069010	60%	200	200038
23069090	60%	200	200038
23032000	60%	200	200038
23033000	60%	200	200038
23040010	60%	200	200038
23040090	60%	200	200038
23040010	60%	200	200038
23040090	60%	200	200038
23050000	60%	200	200038
23050000	60%	200	200038
23080000	60%	200	200038
23080000	60%	200	200038
23099010	60%	200	200038
23099020	60%	200	200038
23099030	60%	200	200038
23099040	60%	200	200038
23099050	60%	200	200038
23099060	60%	200	200038
23099070	60%	200	200038
23099090	60%	200	200038
25010011	60%	200	200038
25010019	60%	200	200038
25010020	60%	200	200038
25010090	60%	200	200038
25020000	60%	200	200038
25030010	60%	200	200038
25030090	60%	200	200038
25041000	60%	200	200038
25049000	60%	200	200038
25051000	60%	200	200038
25059000	60%	200	200038
25061000	60%	200	200038
25062000	60%	200	200038
25070010	60%	200	200038
25070090	60%	200	200038
25081000	60%	200	200038
25083000	60%	200	200038
25084010	60%	200	200038
25084090	60%	200	200038
25085000	60%	200	200038
25086000	60%	200	200038
25087000	60%	200	200038
25090000	60%	200	200038
25101010	60%	200	200038
25101090	60%	200	200038
25102010	60%	200	200038
25102090	60%	200	200038
25111000	60%	200	200038
25112000	60%	200	200038
25120000	60%	200	200038
25131000	60%	200	200038
25132000	60%	200	200038
25140000	60%	200	200038
25151100	60%	200	200038
25151210	60%	200	200038
25151220	60%	200	200038
25152000	60%	200	200038
25161100	60%	200	200038
25161200	60%	200	200038
25162000	60%	200	200038
25169000	60%	200	200038
25171000	60%	200	200038
25172000	60%	200	200038
25173000	60%	200	200038
25174100	60%	200	200038
25174900	60%	200	200038
25181000	60%	200	200038
25182000	60%	200	200038
25191000	60%	200	200038
25199010	60%	200	200038
25199090	60%	200	200038
25201011	60%	200	200038
25201019	60%	200	200038
25201020	60%	200	200038
25202010	60%	200	200038
25202090	60%	200	200038
25210000	60%	200	200038
25221000	60%	200	200038
25222000	60%	200	200038
25223000	60%	200	200038
25231000	60%	200	200038
25232100	60%	200	200038
25232910	60%	200	200038
25232990	60%	200	200038
25233000	60%	200	200038
25239000	60%	200	200038
25241000	60%	200	200038
25249000	60%	200	200038
25251000	60%	200	200038
25252000	60%	200	200038
25253000	60%	200	200038
25261000	60%	200	200038
25262000	60%	200	200038
25280000	60%	200	200038
25291000	60%	200	200038
25292100	60%	200	200038
25292200	60%	200	200038
25293000	60%	200	200038
25301010	60%	200	200038
25301090	60%	200	200038
25302000	60%	200	200038
25309010	60%	200	200038
25309020	60%	200	200038
25309030	60%	200	200038
25309040	60%	200	200038
25309090	60%	200	200038
25010011	60%	200	200038
25010019	60%	200	200038
25010020	60%	200	200038
25010090	60%	200	200038
25020000	60%	200	200038
25030010	60%	200	200038
25030090	60%	200	200038
25041000	60%	200	200038
25049000	60%	200	200038
25051000	60%	200	200038
25059000	60%	200	200038
25061000	60%	200	200038
25062000	60%	200	200038
25070010	60%	200	200038
25070090	60%	200	200038
25081000	60%	200	200038
25083000	60%	200	200038
25084010	60%	200	200038
25084090	60%	200	200038
25085000	60%	200	200038
25086000	60%	200	200038
25087000	60%	200	200038
25090000	60%	200	200038
25101010	60%	200	200038
25101090	60%	200	200038
25102010	60%	200	200038
25102090	60%	200	200038
25111000	60%	200	200038
25112000	60%	200	200038
25120000	60%	200	200038
25131000	60%	200	200038
25132000	60%	200	200038
25140000	60%	200	200038
25151100	60%	200	200038
25151210	60%	200	200038
25151220	60%	200	200038
25152000	60%	200	200038
25161100	60%	200	200038
25161200	60%	200	200038
25162000	60%	200	200038
25169000	60%	200	200038
25171000	60%	200	200038
25172000	60%	200	200038
25173000	60%	200	200038
25174100	60%	200	200038
25174900	60%	200	200038
25181000	60%	200	200038
25182000	60%	200	200038
25191000	60%	200	200038
25199010	60%	200	200038
25199090	60%	200	200038
25201011	60%	200	200038
25201019	60%	200	200038
25201020	60%	200	200038
25202010	60%	200	200038
25202090	60%	200	200038
25210000	60%	200	200038
25221000	60%	200	200038
25222000	60%	200	200038
25223000	60%	200	200038
25231000	60%	200	200038
25232100	60%	200	200038
25232910	60%	200	200038
25232990	60%	200	200038
25233000	60%	200	200038
25239000	60%	200	200038
25241000	60%	200	200038
25249000	60%	200	200038
25251000	60%	200	200038
25252000	60%	200	200038
25253000	60%	200	200038
25261000	60%	200	200038
25262000	60%	200	200038
25280000	60%	200	200038
25291000	60%	200	200038
25292100	60%	200	200038
25292200	60%	200	200038
25293000	60%	200	200038
25301010	60%	200	200038
25301090	60%	200	200038
25302000	60%	200	200038
25309010	60%	200	200038
25309020	60%	200	200038
25309030	60%	200	200038
25309040	60%	200	200038
25309090	60%	200	200038
25010011	60%	200	200038
25010019	60%	200	200038
25010020	60%	200	200038
25010090	60%	200	200038
25030010	60%	200	200038
25030090	60%	200	200038
25101010	60%	200	200038
25101090	60%	200	200038
25102010	60%	200	200038
25102090	60%	200	200038
25210000	60%	200	200038
27030000	60%	200	200038
28020000	60%	200	200038
28061020	60%	200	200038
28070010	60%	200	200038
28080010	60%	200	200038
28092011	60%	200	200038
28092019	60%	200	200038
28111920	60%	200	200038
28151100	60%	200	200038
28151200	60%	200	200038
28362010	60%	200	200038
28362090	60%	200	200038
28399010	60%	200	200038
28399050	60%	200	200038
29152100	60%	200	200038
29224110	60%	200	200038
29224190	60%	200	200038
29224210	60%	200	200038
29224220	60%	200	200038
29224300	60%	200	200038
29224410	60%	200	200038
29224420	60%	200	200038
29224910	60%	200	200038
29224920	60%	200	200038
29224931	60%	200	200038
29224932	60%	200	200038
29224940	60%	200	200038
29224951	60%	200	200038
29224952	60%	200	200038
29224959	60%	200	200038
29224961	60%	200	200038
29224962	60%	200	200038
29224963	60%	200	200038
29224964	60%	200	200038
29224969	60%	200	200038
29224990	60%	200	200038
29304010	60%	200	200038
29304090	60%	200	200038
29304010	60%	200	200038
29304090	60%	200	200038
30041011	60%	200	200038
30041012	60%	200	200038
30041013	60%	200	200038
30041014	60%	200	200038
30041015	60%	200	200038
30041019	60%	200	200038
30041020	60%	200	200038
30042011	60%	200	200038
30042019	60%	200	200038
30042021	60%	200	200038
30042029	60%	200	200038
30042031	60%	200	200038
30042032	60%	200	200038
30042039	60%	200	200038
30042041	60%	200	200038
30042049	60%	200	200038
30042051	60%	200	200038
30042052	60%	200	200038
30042059	60%	200	200038
30042061	60%	200	200038
30042062	60%	200	200038
30042063	60%	200	200038
30042069	60%	200	200038
30042071	60%	200	200038
30042072	60%	200	200038
30042073	60%	200	200038
30042079	60%	200	200038
30042091	60%	200	200038
30042092	60%	200	200038
30042093	60%	200	200038
30042094	60%	200	200038
30042095	60%	200	200038
30042099	60%	200	200038
30043100	60%	200	200038
30043210	60%	200	200038
30043220	60%	200	200038
30043290	60%	200	200038
30043911	60%	200	200038
30043912	60%	200	200038
30043913	60%	200	200038
30043914	60%	200	200038
30043915	60%	200	200038
30043916	60%	200	200038
30043917	60%	200	200038
30043918	60%	200	200038
30043919	60%	200	200038
30043921	60%	200	200038
30043922	60%	200	200038
30043923	60%	200	200038
30043924	60%	200	200038
30043925	60%	200	200038
30043926	60%	200	200038
30043927	60%	200	200038
30043928	60%	200	200038
30043929	60%	200	200038
30043931	60%	200	200038
30043932	60%	200	200038
30043933	60%	200	200038
30043934	60%	200	200038
30043935	60%	200	200038
30043936	60%	200	200038
30043937	60%	200	200038
30043939	60%	200	200038
30043981	60%	200	200038
30043982	60%	200	200038
30043991	60%	200	200038
30043992	60%	200	200038
30043994	60%	200	200038
30043999	60%	200	200038
30044100	60%	200	200038
30044200	60%	200	200038
30044300	60%	200	200038
30044910	60%	200	200038
30044920	60%	200	200038
30044930	60%	200	200038
30044940	60%	200	200038
30044950	60%	200	200038
30044990	60%	200	200038
30045010	60%	200	200038
30045020	60%	200	200038
30045030	60%	200	200038
30045040	60%	200	200038
30045050	60%	200	200038
30045060	60%	200	200038
30045090	60%	200	200038
30046000	60%	200	200038
30049011	60%	200	200038
30049012	60%	200	200038
30049013	60%	200	200038
30049014	60%	200	200038
30049015	60%	200	200038
30049019	60%	200	200038
30049021	60%	200	200038
30049022	60%	200	200038
30049023	60%	200	200038
30049024	60%	200	200038
30049025	60%	200	200038
30049026	60%	200	200038
30049027	60%	200	200038
30049028	60%	200	200038
30049029	60%	200	200038
30049031	60%	200	200038
30049032	60%	200	200038
30049033	60%	200	200038
30049034	60%	200	200038
30049035	60%	200	200038
30049036	60%	200	200038
30049037	60%	200	200038
30049038	60%	200	200038
30049039	60%	200	200038
30049041	60%	200	200038
30049042	60%	200	200038
30049043	60%	200	200038
30049044	60%	200	200038
30049045	60%	200	200038
30049046	60%	200	200038
30049047	60%	200	200038
30049048	60%	200	200038
30049049	60%	200	200038
30049051	60%	200	200038
30049052	60%	200	200038
30049053	60%	200	200038
30049054	60%	200	200038
30049055	60%	200	200038
30049057	60%	200	200038
30049058	60%	200	200038
30049059	60%	200	200038
30049061	60%	200	200038
30049062	60%	200	200038
30049063	60%	200	200038
30049064	60%	200	200038
30049065	60%	200	200038
30049066	60%	200	200038
30049067	60%	200	200038
30049068	60%	200	200038
30049069	60%	200	200038
30049071	60%	200	200038
30049072	60%	200	200038
30049073	60%	200	200038
30049074	60%	200	200038
30049075	60%	200	200038
30049076	60%	200	200038
30049077	60%	200	200038
30049078	60%	200	200038
30049079	60%	200	200038
30049091	60%	200	200038
30049092	60%	200	200038
30049093	60%	200	200038
30049094	60%	200	200038
30049095	60%	200	200038
30049096	60%	200	200038
30049097	60%	200	200038
30049098	60%	200	200038
30049099	60%	200	200038
30021211	60%	200	200038
30021212	60%	200	200038
30021213	60%	200	200038
30021214	60%	200	200038
30021215	60%	200	200038
30021216	60%	200	200038
30021219	60%	200	200038
30021221	60%	200	200038
30021222	60%	200	200038
30021223	60%	200	200038
30021224	60%	200	200038
30021229	60%	200	200038
30021231	60%	200	200038
30021232	60%	200	200038
30021233	60%	200	200038
30021234	60%	200	200038
30021235	60%	200	200038
30021236	60%	200	200038
30021239	60%	200	200038
30021510	60%	200	200038
30021520	60%	200	200038
30021590	60%	200	200038
30024210	60%	200	200038
30024220	60%	200	200038
30024230	60%	200	200038
30024240	60%	200	200038
30024250	60%	200	200038
30024260	60%	200	200038
30024270	60%	200	200038
30024280	60%	200	200038
30024290	60%	200	200038
30024910	60%	200	200038
30024920	60%	200	200038
30024991	60%	200	200038
30024992	60%	200	200038
30024994	60%	200	200038
30024999	60%	200	200038
30029000	60%	200	200038
30029000	60%	200	200038
31010000	60%	200	200038
31021010	60%	200	200038
31021090	60%	200	200038
31022100	60%	200	200038
31022910	60%	200	200038
31022990	60%	200	200038
31023000	60%	200	200038
31024000	60%	200	200038
31025011	60%	200	200038
31025019	60%	200	200038
31025090	60%	200	200038
31026000	60%	200	200038
31028000	60%	200	200038
31029000	60%	200	200038
31031100	60%	200	200038
31031900	60%	200	200038
31039011	60%	200	200038
31039019	60%	200	200038
31039090	60%	200	200038
31042010	60%	200	200038
31042090	60%	200	200038
31043010	60%	200	200038
31043090	60%	200	200038
31049010	60%	200	200038
31049090	60%	200	200038
31051000	60%	200	200038
31052000	60%	200	200038
31053000	60%	200	200038
31054000	60%	200	200038
31055100	60%	200	200038
31055900	60%	200	200038
31056000	60%	200	200038
31059011	60%	200	200038
31059019	60%	200	200038
31059090	60%	200	200038
31010000	60%	200	200038
33011210	60%	200	200038
33011290	60%	200	200038
33011300	60%	200	200038
33011910	60%	200	200038
33011990	60%	200	200038
33012400	60%	200	200038
33012510	60%	200	200038
33012520	60%	200	200038
33012590	60%	200	200038
33012911	60%	200	200038
33012912	60%	200	200038
33012913	60%	200	200038
33012914	60%	200	200038
33012915	60%	200	200038
33012916	60%	200	200038
33012917	60%	200	200038
33012918	60%	200	200038
33012919	60%	200	200038
33012921	60%	200	200038
33012922	60%	200	200038
33012990	60%	200	200038
33013000	60%	200	200038
33019010	60%	200	200038
33019020	60%	200	200038
33019030	60%	200	200038
33019040	60%	200	200038
35079041	60%	200	200038
35079042	60%	200	200038
35079049	60%	200	200038
38085200	60%	200	200038
38085910	60%	200	200038
38085921	60%	200	200038
38085922	60%	200	200038
38085923	60%	200	200038
38085924	60%	200	200038
38085925	60%	200	200038
38085926	60%	200	200038
38085929	60%	200	200038
38086100	60%	200	200038
38086210	60%	200	200038
38086290	60%	200	200038
38086910	60%	200	200038
38086990	60%	200	200038
38089111	60%	200	200038
38089119	60%	200	200038
38089120	60%	200	200038
38089191	60%	200	200038
38089192	60%	200	200038
38089193	60%	200	200038
38089194	60%	200	200038
38089195	60%	200	200038
38089196	60%	200	200038
38089197	60%	200	200038
38089199	60%	200	200038
38089211	60%	200	200038
38089219	60%	200	200038
38089220	60%	200	200038
38089291	60%	200	200038
38089292	60%	200	200038
38089293	60%	200	200038
38089294	60%	200	200038
38089295	60%	200	200038
38089296	60%	200	200038
38089297	60%	200	200038
38089299	60%	200	200038
38089311	60%	200	200038
38089319	60%	200	200038
38089321	60%	200	200038
38089322	60%	200	200038
38089323	60%	200	200038
38089324	60%	200	200038
38089325	60%	200	200038
38089326	60%	200	200038
38089327	60%	200	200038
38089328	60%	200	200038
38089329	60%	200	200038
38089331	60%	200	200038
38089332	60%	200	200038
38089333	60%	200	200038
38089341	60%	200	200038
38089349	60%	200	200038
38089351	60%	200	200038
38089352	60%	200	200038
38089359	60%	200	200038
38089411	60%	200	200038
38089419	60%	200	200038
38089421	60%	200	200038
38089422	60%	200	200038
38089429	60%	200	200038
38089911	60%	200	200038
38089919	60%	200	200038
38089920	60%	200	200038
38089991	60%	200	200038
38089992	60%	200	200038
38089993	60%	200	200038
38089994	60%	200	200038
38089995	60%	200	200038
38089996	60%	200	200038
38089999	60%	200	200038
38085200	60%	200	200038
38085910	60%	200	200038
38085921	60%	200	200038
38085922	60%	200	200038
38085923	60%	200	200038
38085924	60%	200	200038
38085925	60%	200	200038
38085926	60%	200	200038
38085929	60%	200	200038
38086100	60%	200	200038
38086210	60%	200	200038
38086290	60%	200	200038
38086910	60%	200	200038
38086990	60%	200	200038
38089111	60%	200	200038
38089119	60%	200	200038
38089120	60%	200	200038
38089191	60%	200	200038
38089192	60%	200	200038
38089193	60%	200	200038
38089194	60%	200	200038
38089195	60%	200	200038
38089196	60%	200	200038
38089197	60%	200	200038
38089199	60%	200	200038
38089211	60%	200	200038
38089219	60%	200	200038
38089220	60%	200	200038
38089291	60%	200	200038
38089292	60%	200	200038
38089293	60%	200	200038
38089294	60%	200	200038
38089295	60%	200	200038
38089296	60%	200	200038
38089297	60%	200	200038
38089299	60%	200	200038
38089311	60%	200	200038
38089319	60%	200	200038
38089321	60%	200	200038
38089322	60%	200	200038
38089323	60%	200	200038
38089324	60%	200	200038
38089325	60%	200	200038
38089326	60%	200	200038
38089327	60%	200	200038
38089328	60%	200	200038
38089329	60%	200	200038
38089331	60%	200	200038
38089332	60%	200	200038
38089333	60%	200	200038
38089341	60%	200	200038
38089349	60%	200	200038
38089351	60%	200	200038
38089352	60%	200	200038
38089359	60%	200	200038
38089411	60%	200	200038
38089419	60%	200	200038
38089421	60%	200	200038
38089422	60%	200	200038
38089429	60%	200	200038
38089911	60%	200	200038
38089919	60%	200	200038
38089920	60%	200	200038
38089991	60%	200	200038
38089992	60%	200	200038
38089993	60%	200	200038
38089994	60%	200	200038
38089995	60%	200	200038
38089996	60%	200	200038
38089999	60%	200	200038
38241000	60%	200	200038
38243000	60%	200	200038
38244000	60%	200	200038
38245000	60%	200	200038
38246000	60%	200	200038
38248110	60%	200	200038
38248190	60%	200	200038
38248210	60%	200	200038
38248290	60%	200	200038
38248300	60%	200	200038
38248400	60%	200	200038
38248500	60%	200	200038
38248600	60%	200	200038
38248700	60%	200	200038
38248810	60%	200	200038
38248820	60%	200	200038
38248900	60%	200	200038
38249100	60%	200	200038
38249200	60%	200	200038
38249911	60%	200	200038
38249912	60%	200	200038
38249913	60%	200	200038
38249914	60%	200	200038
38249915	60%	200	200038
38249919	60%	200	200038
38249921	60%	200	200038
38249922	60%	200	200038
38249923	60%	200	200038
38249924	60%	200	200038
38249925	60%	200	200038
38249929	60%	200	200038
38249931	60%	200	200038
38249932	60%	200	200038
38249933	60%	200	200038
38249934	60%	200	200038
38249935	60%	200	200038
38249936	60%	200	200038
38249939	60%	200	200038
38249941	60%	200	200038
38249942	60%	200	200038
38249943	60%	200	200038
38249949	60%	200	200038
38249951	60%	200	200038
38249952	60%	200	200038
38249953	60%	200	200038
38249954	60%	200	200038
38249959	60%	200	200038
38249961	60%	200	200038
38249962	60%	200	200038
38249969	60%	200	200038
38249971	60%	200	200038
38249972	60%	200	200038
38249973	60%	200	200038
38249974	60%	200	200038
38249975	60%	200	200038
38249976	60%	200	200038
38249977	60%	200	200038
38249978	60%	200	200038
38249979	60%	200	200038
38249981	60%	200	200038
38249982	60%	200	200038
38249983	60%	200	200038
38249984	60%	200	200038
38249985	60%	200	200038
38249986	60%	200	200038
38249987	60%	200	200038
38249988	60%	200	200038
38249989	60%	200	200038
38029040	60%	200	200038
38040011	60%	200	200038
38040012	60%	200	200038
38040020	60%	200	200038
38070000	60%	200	200038
38210000	60%	200	200038
38249971	60%	200	200038
38249977	60%	200	200038
38249979	60%	200	200038
38249989	60%	200	200038
38249989	60%	200	200038
44013900	60%	200	200038
44014100	60%	200	200038
44014900	60%	200	200038
44029000	60%	200	200038
47010000	60%	200	200038
53050090	60%	200	200038
68062000	60%	200	200038